447734735
1994181517
864395945
1808657304
1711914322
262920399
186864683
103545053
1915182907
2133672294
2029337808
1363170230
1983202673
2007437129
270113441
1456662895
1551524281
1817792315
484718557
1283212803
1428038082
2146337547
331263571
1200521823
959974862
23567915
2103543216
198014111
1661134538
1440645707
722269280
2108869277
1287343578
1586665227
1770042933
851774252
1849585624
1956907613
955319301
1617284878
1943096253
837173454
832971452
1778815269
697126926
1103084882
1087994504
101167546
773393536
1572713046
1384380333
53947953
1571566927
1715643885
1254469756
384058121
1739211779
1210529302
582072208
1252862644
503691335
1304341461
1214248245
1791034884
743523010
836807499
495325456
445624953
646231430
1450644722
2062909795
441843998
140334491
748397561
73175579
837461376
1851482401
1161170040
938628878
477392244
586399392
175525516
531340149
10482623
1891169352
1785809855
394540692
1482897430
848855455
976612845
588276370
1352546733
133470600
1802524557
996097909
876993550
491848346
1491423303
1322618439
1138079712
794584311
1238044520
1579923642
934918733
1986442011
1653099151
1772380037
1690440691
666785469
563525192
20349212
1253184785
739050631
551689282
1263667328
482736254
190015407
1658207937
1965633600
1038870777
487337048
406426235
243933774
620807559
61467054
1240031593
1497801017
553315308
583971154
672935714
1691394924
1378555368
1910980136
1123834819
165990354
1749938398
629450220
1938370288
1292895337
1296235585
354411727
1313244442
401936614
1093462249
1864933615
1665603831
1576198391
2054948909
1176328006
1394348228
946335923
1663664937
1800774345
1190269578
136988728
1862241279
282817401
1634789623
268072815
866788430
160241563
1959467612
97860023
2071221570
935818653
263850246
1673676188
1565268741
54736752
819087742
714020542
409148342
2132332047
1115957017
1502610451
1849781873
634077058
931325051
1757246990
1810404919
178189485
556099118
1326586060
1978963682
1746368547
1463574637
1693721161
2029185795
950880458
1961793821
748490422
1111121864
1773777627
846350286
1034859626
562112471
1110200370
561052003
2127381048
1164936957
1380139580
693917775
1574085132
1364987810
1809874622
929211764
1067285863
296467859
1860536642
677049030
2106872602
2038725950
1233147971
1285974835
1870205804
832032689
602065643
1416443134
713734652
1552945916
1230753121
1462224887
516583945
857046911
161091335
1551443380
1419159191
1271291512
2112495190
1399056396
288744626
1345150925
2092973974
1862829559
562654887
1755364747
644557473
1629940547
2051832403
357610262
159505723
2011221150
248852357
1392653485
1149712128
2119057950
77202314
1751777558
1388017223
790936752
1157239610
471286479
105677773
1673823336
1328333171
266768888
1077782847
600008491
1538060176
1042794164
1999064661
1826804575
240461213
1944554758
1542150256
803115869
1552435626
39223849
285572534
1456784146
396833875
445078020
1320521410
645685993
1837731266
322749649
617260054
1914933337
2074526963
2005277032
558386195
1084282679
329079615
664063720
610622117
1657412535
930832356
1688404711
109937124
321408629
583714971
2109001529
729299
824175925
1906072379
1542879294
1627291532
1311024094
1582102879
1912863801
620324326
1978936488
210457906
1940845468
477138563
2048188901
116111197
1094398344
1815638316
43154238
952191452
226540587
1127436639
1281270789
890604027
1738058475
791199394
1821436100
1278979255
901136234
2142844443
1862693939
862653827
2143573453
539385927
621242267
1538968808
19193518
1932266068
973587744
1932057024
405106449
805040286
2142514631
198467969
1282178549
2043219582
314578864
229092941
1711373945
357732796
1181284087
1937914224
1485169126
315070918
681034292
1075743641
1106269999
354986430
207238933
2007405917
350346909
2069932555
722575777
346436394
461834513
1343817723
1885404879
481027707
1128599818
711508650
265600756
1533705939
1516548607
260631409
1732173578
651243176
156367010
2046752108
880335783
1867740620
257000919
2061619532
1658170857
1742169705
229206461
191721160
670429355
1335476116
546707245
877667943
1195398039
897053806
800116501
1917973466
1243489850
1261950662
1114307188
981410727
1742978014
95423002
1692919020
2008578413
1629128583
1061983620
121725813
1213818151
1713226433
278092460
1113086246
446078202
2145832713
1370086797
360213717
1656519552
964772483
589419806
1848240339
1635201464
1924895548
247463561
365385382
972809561
1144516988
1165501503
743298998
240522808
279968134
1857605803
1221933151
2022945763
1953028418
767368135
1884040139
1434672963
1829351364
2005765560
501007073
1395093756
136373977
1614092923
1841171561
134722644
836695673
53901231
1791241796
1801467754
643320634
1491998083
1289185166
420732128
1739461237
1654570140
1393541280
736494168
672587585
2136839867
977016563
952555305
1846961607
51465650
828017003
1652505959
818833367
564573074
939694854
500700661
422854564
1440701503
1895793992
559228115
907310352
1589481478
693950331
1744005595
1643382278
337708047
1397989269
139218830
1829705695
539690351
559950522
1421682847
46776404
1953491362
10692926
719363547
1942847138
987709045
1671918408
1642324651
1039174249
352451315
1147346514
1858007166
917023939
2087040916
211223726
1339878049
1380258316
2107017263
1899105707
140084562
1549014634
445571930
1884089697
1044912802
783279514
1134594854
1184131167
465501096
1674284738
1744081221
1887183474
1721060672
1550088465
1897875928
292940099
1345451481
738100850
1964858031
840292008
1777274621
169825219
1987638042
1487797658
1086848676
1927194827
1699020901
279242592
1159969009
1658554029
30864164
1300053083
1060084525
476435603
1036658640
2104996834
1259714624
23769351
1141643857
1725215223
1698053591
738240932
1464914549
1271630114
140845247
1215306326
1564569709
1486296223
1953406670
1381943585
179104075
1583197135
1551768295
19257958
923510633
491132810
1946452271
475047371
770374887
958937116
2133600882
801238532
111506031
1046201238
1277673613
1148164148
1003713900
389904064
1171932973
2145357231
2115118759
722502387
736113985
1432549129
1994131969
876958699
500371273
1411217496
215770738
306293759
645676895
394874275
1889490354
49961001
414131691
665516796
541093268
213099770
1140563622
1311467608
1172036338
1126680307
2112705590
1283541818
25397346
1242895002
284221764
1029110691
1632798511
1456154180
1026983716
1600433063
31172359
1763097140
885497983
2025303765
492571627
1385868691
1289037047
708341799
1692161882
1934713374
1103215504
1434168017
1984673803
1517346622
2099684240
378282848
1730445816
1092763637
1689749878
754997927
71959716
1654971239
2038539163
97356479
750382010
175276694
1126466585
235696286
1631430286
5966064
1836128759
1662602054
1769062613
574142501
1540421578
114149997
1960010597
681974380
822491198
1504688232
469203506
1925706101
791372000
306393059
1295568472
743571987
684675301
878530033
1836335016
226940923
1633527351
1908294121
1881911550
1524582253
2005649987
484809297
1699858332
984632307
720504965
1183804351
990597751
409149456
698922136
612176093
983291333
91859441
726325465
795817655
773833193
1548816034
153021610
1243036069
1327037856
944392977
1549428494
475122045
1687964328
86619510
1353651440
1376815057
313559793
839694502
1137624888
47987053
216792464
995790582
532795704
1916650149
1980422241
1253300021
952970202
823535694
1662448825
1651891685
1435711133
498255855
1743750470
14552293
1294072853
370099357
1563367668
1447093802
1613134764
742921213
244002467
1015078945
1218042592
1931966128
1101697787
424209715
1161296867
1415256910
1263903546
151437434
1463243289
1480695335
1147227341
1996038316
1249861158
980165255
1101854009
55347031
1803700267
616818503
1707238033
1091927068
1115073673
1303504168
1106478673
261662189
1673602835
522362002
1708755299
1139253258
1265282521
1952757071
6847859
335840768
1737238853
1108544948
760049784
751051371
376317508
2023952627
902488101
1839560092
1357163608
2049714735
1688114052
459540409
882395633
642483703
514886728
538611539
1259301492
74640398
1630537891
226890800
1378143849
589532198
488552269
904262315
1111893478
49823197
2043514850
229691627
2002579542
2050361982
565531667
1592334018
1011422552
1325580720
195901009
1387739327
1202048965
1098388376
1079815035
411728188
1000618725
620444701
871267857
1883013617
1262927662
1386153843
274140765
374744761
1460793495
1904677909
601634814
691452947
346725709
1090186332
1595714511
1458618435
1140008776
1491744958
1688309306
995103913
1394622534
106356566
439953524
258560678
1431936525
635853770
1646299241
486501077
1734241380
578629862
898228498
587375689
1199073793
1769495584
322904886
314517034
1008165005
597044876
689261019
321474076
354238360
1290895054
1012926243
700963288
233596957
461156323
12097291
1373604948
1952900495
1700405810
221224425
1200038593
1806761587
661177158
1458598479
1091213671
1297030135
957413277
1577713952
883787070
1536042341
328458003
1471161959
587631685
2097952786
1794066043
902147915
958633338
243626465
1591408128
1280106606
597864016
734818724
145548391
1298826493
968414868
606703900
1310922969
194535352
412119931
863844314
415758959
1612157704
523121432
1076935295
923271712
1614334279
226480957
1880684163
1044563756
1110267200
1269242028
1373020930
433944680
1856872881
1323489235
80526241
611536314
134638089
324151870
55459956
1414743857
922015046
790277839
1560291406
73357048
1758691864
19510813
1384279172
1953226369
431629896
100638989
221500830
2043786749
623759569
1298435273
819573959
90609345
1524915374
552773618
1135172243
487698067
1822014786
360708664
921641886
1531403156
1684197035
1002167262
2142938604
1818834258
1326318264
50914043
1086093597
100848792
841191011
498900482
174204966
452398352
518410419
1558483261
258140195
950039437
1659121370
479640145
846341656
135396408
1778074534
1665914731
226004867
1155505373
71203813
1361176222
1643202551
1893217708
1721883994
417359896
1277136322
1258596487
1419526262
1272590382
929946199
598359980
1323503525
2016038895
699207870
17209985
367454825
873411931
469607431
885864337
284410637
727746718
1835902864
1943531096
1207385951
534759960
2078926591
837975922
53190127
157446893
1993480377
124393021
1518622195
1489198359
2017609807
1093021619
1906557331
1147261556
204133532
1178599019
272367362
1134078802
1776958069
1595869957
1002633117
328681358
1613079008
1370087007
1202092353
2082685503
108466758
1486502051
662947633
1944368682
1282548558
1870332641
331644050
1213990556
560823969
384833230
1371436501
406819749
509225301
742574098
1896017157
379350507
1835594763
1655089885
1526611107
2039727338
686204298
1798977511
1026321532
315677758
1247362858
2028953686
644358152
712957253
