729299
5966064
6847859
10482623
10692926
12097291
14552293
17209985
19193518
19257958
19510813
20349212
23567915
23769351
25397346
30864164
31172359
39223849
43154238
46776404
47987053
49823197
49961001
50914043
51465650
53190127
53901231
53947953
54736752
55347031
55459956
61467054
71203813
71959716
73175579
73357048
74640398
77202314
80526241
86619510
90609345
91859441
95423002
97356479
97860023
100638989
100848792
101167546
103545053
105677773
106356566
108466758
109937124
111506031
114149997
116111197
121725813
124393021
133470600
134638089
134722644
135396408
136373977
136988728
139218830
140084562
140334491
140845247
145548391
151437434
153021610
156367010
157446893
159505723
160241563
161091335
165990354
169825219
174204966
175276694
175525516
178189485
179104075
186864683
190015407
191721160
194535352
195901009
198014111
198467969
204133532
207238933
210457906
211223726
213099770
215770738
216792464
221224425
221500830
226004867
226480957
226540587
226890800
226940923
229092941
229206461
229691627
233596957
235696286
240461213
240522808
243626465
243933774
244002467
247463561
248852357
257000919
258140195
258560678
260631409
261662189
262920399
263850246
265600756
266768888
268072815
270113441
272367362
274140765
278092460
279242592
279968134
282817401
284221764
284410637
285572534
288744626
292940099
296467859
306293759
306393059
313559793
314517034
314578864
315070918
315677758
321408629
321474076
322749649
322904886
324151870
328458003
328681358
329079615
331263571
331644050
335840768
337708047
346436394
346725709
350346909
352451315
354238360
354411727
354986430
357610262
357732796
360213717
360708664
365385382
367454825
370099357
374744761
376317508
378282848
379350507
384058121
384833230
389904064
394540692
394874275
396833875
401936614
405106449
406426235
406819749
409148342
409149456
411728188
412119931
414131691
415758959
417359896
420732128
422854564
424209715
431629896
433944680
439953524
441843998
445078020
445571930
445624953
446078202
447734735
452398352
459540409
461156323
461834513
465501096
469203506
469607431
471286479
475047371
475122045
476435603
477138563
477392244
479640145
481027707
482736254
484718557
484809297
486501077
487337048
487698067
488552269
491132810
491848346
492571627
495325456
498255855
498900482
500371273
500700661
501007073
503691335
509225301
514886728
516583945
518410419
522362002
523121432
531340149
532795704
534759960
538611539
539385927
539690351
541093268
546707245
551689282
552773618
553315308
556099118
558386195
559228115
559950522
560823969
561052003
562112471
562654887
563525192
564573074
565531667
574142501
578629862
582072208
583714971
583971154
586399392
587375689
587631685
588276370
589419806
589532198
597044876
597864016
598359980
600008491
601634814
602065643
606703900
610622117
611536314
612176093
616818503
617260054
620324326
620444701
620807559
621242267
623759569
629450220
634077058
635853770
642483703
643320634
644358152
644557473
645676895
645685993
646231430
651243176
661177158
662947633
664063720
665516796
666785469
670429355
672587585
672935714
677049030
681034292
681974380
684675301
686204298
689261019
691452947
693917775
693950331
697126926
698922136
699207870
700963288
708341799
711508650
712957253
713734652
714020542
719363547
720504965
722269280
722502387
722575777
726325465
727746718
734818724
736113985
736494168
738100850
738240932
739050631
742574098
742921213
743298998
743523010
743571987
748397561
748490422
750382010
751051371
754997927
760049784
767368135
770374887
773393536
773833193
783279514
790277839
790936752
791199394
791372000
794584311
795817655
800116501
801238532
803115869
805040286
818833367
819087742
819573959
822491198
823535694
824175925
828017003
832032689
832971452
836695673
836807499
837173454
837461376
837975922
839694502
840292008
841191011
846341656
846350286
848855455
851774252
857046911
862653827
863844314
864395945
866788430
871267857
873411931
876958699
876993550
877667943
878530033
880335783
882395633
883787070
885497983
885864337
890604027
897053806
898228498
901136234
902147915
902488101
904262315
907310352
917023939
921641886
922015046
923271712
923510633
929211764
929946199
930832356
931325051
934918733
935818653
938628878
939694854
944392977
946335923
950039437
950880458
952191452
952555305
952970202
955319301
957413277
958633338
958937116
959974862
964772483
968414868
972809561
973587744
976612845
977016563
980165255
981410727
983291333
984632307
987709045
990597751
995103913
995790582
996097909
1000618725
1002167262
1002633117
1003713900
1008165005
1011422552
1012926243
1015078945
1026321532
1026983716
1029110691
1034859626
1036658640
1038870777
1039174249
1042794164
1044563756
1044912802
1046201238
1060084525
1061983620
1067285863
1075743641
1076935295
1077782847
1079815035
1084282679
1086093597
1086848676
1087994504
1090186332
1091213671
1091927068
1092763637
1093021619
1093462249
1094398344
1098388376
1101697787
1101854009
1103084882
1103215504
1106269999
1106478673
1108544948
1110200370
1110267200
1111121864
1111893478
1113086246
1114307188
1115073673
1115957017
1123834819
1126466585
1126680307
1127436639
1128599818
1134078802
1134594854
1135172243
1137624888
1138079712
1139253258
1140008776
1140563622
1141643857
1144516988
1147227341
1147261556
1147346514
1148164148
1149712128
1155505373
1157239610
1159969009
1161170040
1161296867
1164936957
1165501503
1171932973
1172036338
1176328006
1178599019
1181284087
1183804351
1184131167
1190269578
1195398039
1199073793
1200038593
1200521823
1202048965
1202092353
1207385951
1210529302
1213818151
1213990556
1214248245
1215306326
1218042592
1221933151
1230753121
1233147971
1238044520
1240031593
1242895002
1243036069
1243489850
1247362858
1249861158
1252862644
1253184785
1253300021
1254469756
1258596487
1259301492
1259714624
1261950662
1262927662
1263667328
1263903546
1265282521
1269242028
1271291512
1271630114
1272590382
1277136322
1277673613
1278979255
1280106606
1281270789
1282178549
1282548558
1283212803
1283541818
1285974835
1287343578
1289037047
1289185166
1290895054
1292895337
1294072853
1295568472
1296235585
1297030135
1298435273
1298826493
1300053083
1303504168
1304341461
1310922969
1311024094
1311467608
1313244442
1320521410
1322618439
1323489235
1323503525
1325580720
1326318264
1326586060
1327037856
1328333171
1335476116
1339878049
1343817723
1345150925
1345451481
1352546733
1353651440
1357163608
1361176222
1363170230
1364987810
1370086797
1370087007
1371436501
1373020930
1373604948
1376815057
1378143849
1378555368
1380139580
1380258316
1381943585
1384279172
1384380333
1385868691
1386153843
1387739327
1388017223
1392653485
1393541280
1394348228
1394622534
1395093756
1397989269
1399056396
1411217496
1414743857
1415256910
1416443134
1419159191
1419526262
1421682847
1428038082
1431936525
1432549129
1434168017
1434672963
1435711133
1440645707
1440701503
1447093802
1450644722
1456154180
1456662895
1456784146
1458598479
1458618435
1460793495
1462224887
1463243289
1463574637
1464914549
1471161959
1480695335
1482897430
1485169126
1486296223
1486502051
1487797658
1489198359
1491423303
1491744958
1491998083
1497801017
1502610451
1504688232
1516548607
1517346622
1518622195
1524582253
1524915374
1526611107
1531403156
1533705939
1536042341
1538060176
1538968808
1540421578
1542150256
1542879294
1548816034
1549014634
1549428494
1550088465
1551443380
1551524281
1551768295
1552435626
1552945916
1558483261
1560291406
1563367668
1564569709
1565268741
1571566927
1572713046
1574085132
1576198391
1577713952
1579923642
1582102879
1583197135
1586665227
1589481478
1591408128
1592334018
1595714511
1595869957
1600433063
1612157704
1613079008
1613134764
1614092923
1614334279
1617284878
1627291532
1629128583
1629940547
1630537891
1631430286
1632798511
1633527351
1634789623
1635201464
1642324651
1643202551
1643382278
1646299241
1651891685
1652505959
1653099151
1654570140
1654971239
1655089885
1656519552
1657412535
1658170857
1658207937
1658554029
1659121370
1661134538
1662448825
1662602054
1663664937
1665603831
1665914731
1671918408
1673602835
1673676188
1673823336
1674284738
1684197035
1687964328
1688114052
1688309306
1688404711
1689749878
1690440691
1691394924
1692161882
1692919020
1693721161
1698053591
1699020901
1699858332
1700405810
1707238033
1708755299
1711373945
1711914322
1713226433
1715643885
1721060672
1721883994
1725215223
1730445816
1732173578
1734241380
1737238853
1738058475
1739211779
1739461237
1742169705
1742978014
1743750470
1744005595
1744081221
1746368547
1749938398
1751777558
1755364747
1757246990
1758691864
1763097140
1769062613
1769495584
1770042933
1772380037
1773777627
1776958069
1777274621
1778074534
1778815269
1785809855
1791034884
1791241796
1794066043
1798977511
1800774345
1801467754
1802524557
1803700267
1806761587
1808657304
1809874622
1810404919
1815638316
1817792315
1818834258
1821436100
1822014786
1826804575
1829351364
1829705695
1835594763
1835902864
1836128759
1836335016
1837731266
1839560092
1841171561
1846961607
1848240339
1849585624
1849781873
1851482401
1856872881
1857605803
1858007166
1860536642
1862241279
1862693939
1862829559
1864933615
1867740620
1870205804
1870332641
1880684163
1881911550
1883013617
1884040139
1884089697
1885404879
1887183474
1889490354
1891169352
1893217708
1895793992
1896017157
1897875928
1899105707
1904677909
1906072379
1906557331
1908294121
1910980136
1912863801
1914933337
1915182907
1916650149
1917973466
1924895548
1925706101
1927194827
1931966128
1932057024
1932266068
1934713374
1937914224
1938370288
1940845468
1942847138
1943096253
1943531096
1944368682
1944554758
1946452271
1952757071
1952900495
1953028418
1953226369
1953406670
1953491362
1956907613
1959467612
1960010597
1961793821
1964858031
1965633600
1978936488
1978963682
1980422241
1983202673
1984673803
1986442011
1987638042
1993480377
1994131969
1994181517
1996038316
1999064661
2002579542
2005277032
2005649987
2005765560
2007405917
2007437129
2008578413
2011221150
2016038895
2017609807
2022945763
2023952627
2025303765
2028953686
2029185795
2029337808
2038539163
2038725950
2039727338
2043219582
2043514850
2043786749
2046752108
2048188901
2049714735
2050361982
2051832403
2054948909
2061619532
2062909795
2069932555
2071221570
2074526963
2078926591
2082685503
2087040916
2092973974
2097952786
2099684240
2103543216
2104996834
2106872602
2107017263
2108869277
2109001529
2112495190
2112705590
2115118759
2119057950
2127381048
2132332047
2133600882
2133672294
2136839867
2142514631
2142844443
2142938604
2143573453
2145357231
2145832713
2146337547
